18 0.481 0.542 0.25 0.3333333333333333
0 0.612 0.612 0.224 0.2986666666666667
0 0.341 0.611 0.226 0.30133333333333334
3 0.456 0.489 0.028 0.037333333333333336
3 0.479 0.469 0.022 0.029333333333333333
0 0.717 0.365 0.07 0.09333333333333334
0 0.343 0.412 0.054 0.072
0 0.365 0.407 0.094 0.12533333333333332
0 0.563 0.406 0.118 0.15733333333333333
0 0.623 0.434 0.082 0.10933333333333334
0 0.691 0.539 0.11 0.14666666666666667
0 0.27 0.548 0.14 0.18666666666666668
0 0.944 0.658 0.112 0.14933333333333335
2 0.76 0.618 0.056 0.07466666666666667
2 0.757 0.486 0.046 0.06133333333333333
