0 0.59375 0.9729166666666667 0.12916666666666668 0.096875
0 0.9 0.9770833333333333 0.14166666666666666 0.10625
0 0.7333333333333333 0.9 0.075 0.05625
0 0.43125 1.0145833333333334 0.12916666666666668 0.096875
0 0.15625 1.025 0.14583333333333334 0.109375
0 0.041666666666666664 1.0270833333333333 0.075 0.05625
0 0.3229166666666667 0.9958333333333333 0.10416666666666667 0.078125
0 0.24583333333333332 0.8854166666666666 0.05 0.0375
0 0.20625 0.8541666666666666 0.05416666666666667 0.040625
0 0.6770833333333334 0.8708333333333333 0.04583333333333333 0.034375
