18 0.671 0.458 0.658 0.987987987987988
2 0.892 0.556 0.216 0.32432432432432434
2 0.161 0.551 0.254 0.3813813813813814
0 0.215 0.443 0.306 0.4594594594594595
0 0.268 0.367 0.188 0.2822822822822823
0 0.331 0.327 0.114 0.17117117117117117
0 0.412 0.281 0.128 0.1921921921921922
0 0.451 0.256 0.078 0.11711711711711711
0 0.304 0.166 0.084 0.12612612612612611
0 0.567 0.213 0.11 0.16516516516516516
0 0.704 0.191 0.068 0.1021021021021021
0 0.785 0.193 0.062 0.09309309309309309
0 0.944 0.234 0.068 0.1021021021021021
0 0.766 0.459 0.328 0.4924924924924925
0 0.78 0.3 0.22 0.3303303303303303
0 0.71 0.274 0.108 0.16216216216216217
0 0.686 0.253 0.056 0.08408408408408409
