8 0.755 0.448 0.062 0.08266666666666667
8 0.706 0.423 0.052 0.06933333333333333
8 0.674 0.442 0.056 0.07466666666666667
8 0.599 0.422 0.042 0.056
8 0.572 0.442 0.048 0.064
8 0.526 0.441 0.02 0.02666666666666667
8 0.495 0.444 0.046 0.06133333333333333
8 0.439 0.442 0.042 0.056
8 0.384 0.441 0.036 0.048
8 0.331 0.443 0.034 0.04533333333333334
8 0.285 0.44 0.034 0.04533333333333334
8 0.251 0.44 0.03 0.04
8 0.215 0.435 0.026 0.034666666666666665
8 0.186 0.441 0.028 0.037333333333333336
0 0.753 0.423 0.038 0.050666666666666665
0 0.698 0.403 0.036 0.048
0 0.67 0.422 0.032 0.042666666666666665
0 0.596 0.402 0.028 0.037333333333333336
0 0.565 0.419 0.034 0.04533333333333334
0 0.511 0.412 0.022 0.029333333333333333
0 0.492 0.425 0.032 0.042666666666666665
0 0.435 0.421 0.03 0.04
0 0.38 0.423 0.028 0.037333333333333336
0 0.329 0.426 0.022 0.029333333333333333
0 0.283 0.42 0.026 0.034666666666666665
0 0.248 0.425 0.02 0.02666666666666667
0 0.215 0.424 0.018 0.024
0 0.184 0.418 0.02 0.02666666666666667
