0 0.413 0.286 0.042 0.07608695652173914
0 0.342 0.275 0.048 0.08695652173913043
0 0.043 0.325 0.034 0.06159420289855073
0 0.029 0.351 0.046 0.08333333333333333
0 0.028 0.37 0.048 0.08695652173913043
0 0.03 0.432 0.056 0.10144927536231885
0 0.087 0.345 0.03 0.05434782608695652
0 0.115 0.373 0.054 0.09782608695652174
0 0.172 0.381 0.084 0.15217391304347827
2 0.233 0.459 0.062 0.11231884057971014
2 0.308 0.515 0.068 0.12318840579710146
2 0.136 0.483 0.092 0.16666666666666666
0 0.303 0.386 0.066 0.11956521739130435
0 0.436 0.459 0.056 0.10144927536231885
0 0.514 0.451 0.096 0.17391304347826086
0 0.449 0.361 0.054 0.09782608695652174
0 0.512 0.334 0.032 0.057971014492753624
0 0.553 0.341 0.026 0.04710144927536232
0 0.587 0.335 0.038 0.06884057971014493
0 0.581 0.351 0.046 0.08333333333333333
0 0.632 0.346 0.044 0.07971014492753623
0 0.674 0.334 0.028 0.050724637681159424
0 0.699 0.347 0.034 0.06159420289855073
0 0.72 0.403 0.04 0.07246376811594203
0 0.804 0.376 0.052 0.09420289855072464
0 0.767 0.348 0.026 0.04710144927536232
0 0.847 0.418 0.034 0.06159420289855073
0 0.859 0.324 0.034 0.06159420289855073
0 0.905 0.305 0.034 0.06159420289855073
0 0.968 0.341 0.048 0.08695652173913043
1 0.291 0.343 0.386 0.6992753623188406
0 0.911 0.345 0.038 0.06884057971014493
0 0.982 0.46 0.036 0.06521739130434782
0 0.915 0.462 0.114 0.20652173913043478
0 0.709 0.52 0.09 0.16304347826086957
