15 0.581 0.573 0.086 0.12912912912912913
15 0.469 0.549 0.05 0.07507507507507508
15 0.366 0.549 0.06 0.09009009009009009
15 0.323 0.51 0.046 0.06906906906906907
15 0.037 0.529 0.058 0.08708708708708708
15 0.735 0.482 0.05 0.07507507507507508
15 0.303 0.5 0.034 0.05105105105105105
15 0.231 0.493 0.034 0.05105105105105105
15 0.099 0.507 0.046 0.06906906906906907
15 0.046 0.51 0.032 0.04804804804804805
15 0.664 0.465 0.028 0.042042042042042045
15 0.786 0.462 0.028 0.042042042042042045
15 0.845 0.47 0.034 0.05105105105105105
15 0.91 0.465 0.032 0.04804804804804805
15 0.958 0.46 0.028 0.042042042042042045
