2 0.878 0.546 0.044 0.058666666666666666
2 0.695 0.6 0.074 0.09866666666666667
2 0.493 0.674 0.082 0.10933333333333334
2 0.722 0.547 0.068 0.09066666666666667
2 0.239 0.704 0.106 0.14133333333333334
2 0.799 0.574 0.062 0.08266666666666667
2 0.614 0.641 0.076 0.10133333333333333
18 0.776 0.538 0.092 0.12266666666666666
18 0.369 0.684 0.15 0.2
0 0.54 0.575 0.06 0.08
0 0.262 0.677 0.144 0.192
0 0.44 0.67 0.06 0.08
0 0.402 0.592 0.064 0.08533333333333333
0 0.626 0.618 0.104 0.13866666666666666
0 0.799 0.538 0.062 0.08266666666666667
0 0.977 0.468 0.046 0.06133333333333333
0 0.836 0.524 0.072 0.096
10 0.589 0.186 0.114 0.152
