1 0.875 0.438 0.162 0.24397590361445784
1 0.633 0.422 0.074 0.11144578313253012
1 0.577 0.433 0.042 0.06325301204819277
1 0.475 0.433 0.042 0.06325301204819277
1 0.255 0.45 0.078 0.11746987951807229
1 0.324 0.432 0.036 0.05421686746987952
1 0.07 0.435 0.052 0.0783132530120482
1 0.129 0.437 0.038 0.0572289156626506
1 0.179 0.427 0.054 0.08132530120481928
11 0.392 0.495 0.116 0.1746987951807229
0 0.399 0.444 0.102 0.1536144578313253
1 0.512 0.429 0.032 0.04819277108433735
1 0.538 0.426 0.024 0.03614457831325301
