11 0.625 0.572 0.65 0.6944444444444444
0 0.578 0.356 0.528 0.5641025641025641
0 0.319 0.192 0.054 0.057692307692307696
0 0.25 0.188 0.04 0.042735042735042736
0 0.223 0.202 0.054 0.057692307692307696
0 0.156 0.193 0.044 0.04700854700854701
0 0.11 0.204 0.068 0.07264957264957266
0 0.048 0.202 0.052 0.05555555555555555
0 0.388 0.193 0.032 0.03418803418803419
0 0.419 0.183 0.038 0.0405982905982906
0 0.777 0.204 0.034 0.03632478632478633
0 0.757 0.202 0.03 0.03205128205128205
0 0.866 0.197 0.036 0.038461538461538464
0 0.828 0.204 0.032 0.03418803418803419
