18 0.504 0.6906666666666667 0.992 0.744
2 0.17466666666666666 0.17066666666666666 0.16266666666666665 0.122
2 0.27066666666666667 0.11466666666666667 0.088 0.066
2 0.6746666666666666 0.084 0.06933333333333333 0.052
2 0.7013333333333334 0.15466666666666667 0.064 0.048
2 0.772 0.16 0.12533333333333332 0.094
2 0.7826666666666666 0.248 0.09866666666666667 0.074
2 0.8853333333333333 0.25866666666666666 0.18133333333333335 0.136
2 0.9093333333333333 0.3626666666666667 0.18133333333333335 0.136
3 0.5106666666666667 0.048 0.04533333333333334 0.034
3 0.5106666666666667 0.3546666666666667 0.09333333333333334 0.07
