1 0.592 0.667 0.096 0.12834224598930483
1 0.769 0.641 0.054 0.07219251336898395
1 0.887 0.648 0.082 0.10962566844919786
1 0.955 0.647 0.074 0.09893048128342247
1 0.859 0.618 0.042 0.05614973262032086
1 0.665 0.647 0.058 0.07754010695187166
1 0.594 0.62 0.036 0.0481283422459893
1 0.469 0.665 0.07 0.09358288770053476
1 0.377 0.635 0.054 0.07219251336898395
1 0.237 0.637 0.082 0.10962566844919786
1 0.197 0.607 0.05 0.06684491978609626
0 0.337 0.679 0.07 0.09358288770053476
0 0.2 0.694 0.052 0.06951871657754011
0 0.252 0.695 0.052 0.06951871657754011
0 0.285 0.69 0.054 0.07219251336898395
