11 0.246 0.435 0.244 0.3663663663663664
0 0.247 0.295 0.222 0.3333333333333333
0 0.502 0.379 0.08 0.12012012012012012
0 0.76 0.444 0.184 0.27627627627627627
0 0.948 0.384 0.068 0.1021021021021021
0 0.638 0.392 0.04 0.06006006006006006
0 0.795 0.389 0.054 0.08108108108108109
0 0.849 0.345 0.066 0.0990990990990991
0 0.072 0.376 0.08 0.12012012012012012
11 0.86 0.431 0.076 0.11411411411411411
11 0.491 0.431 0.142 0.2132132132132132
11 0.383 0.442 0.082 0.12312312312312312
0 0.023 0.426 0.042 0.06306306306306306
