19 0.5293333333333333 0.5946666666666667 0.92 0.69
0 0.8 0.8546666666666667 0.2613333333333333 0.196
0 0.6546666666666666 0.8813333333333333 0.152 0.114
0 0.4666666666666667 1.0346666666666666 0.13866666666666666 0.104
0 0.37333333333333335 1.0306666666666666 0.23466666666666666 0.176
0 0.172 1.0386666666666666 0.18933333333333333 0.142
0 0.1 0.924 0.19466666666666665 0.146
0 0.212 0.7173333333333334 0.408 0.306
0 0.27066666666666667 0.764 0.15733333333333333 0.118
0 0.4 0.6106666666666667 0.128 0.096
0 0.48 0.5613333333333334 0.13866666666666666 0.104
0 0.592 0.552 0.18133333333333335 0.136
