14 0.271 0.553 0.226 0.30133333333333334
14 0.846 0.531 0.164 0.21866666666666668
14 0.837 0.581 0.094 0.12533333333333332
14 0.681 0.575 0.078 0.104
14 0.745 0.579 0.07 0.09333333333333334
5 0.475 0.593 0.026 0.034666666666666665
5 0.508 0.598 0.016 0.021333333333333333
5 0.529 0.589 0.01 0.013333333333333334
5 0.551 0.6 0.022 0.029333333333333333
5 0.588 0.578 0.024 0.032
5 0.61 0.624 0.028 0.037333333333333336
5 0.638 0.617 0.024 0.032
5 0.639 0.58 0.026 0.034666666666666665
5 0.63 0.543 0.024 0.032
