3 0.352 0.361 0.032 0.042666666666666665
3 0.604 0.663 0.056 0.07466666666666667
13 0.914 0.308 0.172 0.22933333333333333
0 0.771 0.455 0.458 0.6106666666666667
0 0.269 0.506 0.414 0.552
3 0.753 0.03 0.018 0.024
3 0.772 0.03 0.016 0.021333333333333333
3 0.788 0.031 0.016 0.021333333333333333
3 0.802 0.03 0.016 0.021333333333333333
3 0.82 0.03 0.016 0.021333333333333333
3 0.837 0.03 0.018 0.024
3 0.852 0.03 0.016 0.021333333333333333
3 0.867 0.03 0.014 0.018666666666666668
3 0.932 0.032 0.02 0.02666666666666667
3 0.917 0.031 0.022 0.029333333333333333
3 0.884 0.03 0.016 0.021333333333333333
3 0.896 0.029 0.024 0.032
7 0.295 0.525 0.586 0.7813333333333333
