3 0.085 0.45 0.074 0.09866666666666667
3 0.222 0.412 0.068 0.09066666666666667
3 0.299 0.394 0.07 0.09333333333333334
3 0.37 0.387 0.056 0.07466666666666667
3 0.43 0.379 0.064 0.08533333333333333
3 0.494 0.397 0.048 0.064
3 0.547 0.413 0.05 0.06666666666666667
3 0.604 0.418 0.056 0.07466666666666667
3 0.662 0.423 0.06 0.08
3 0.724 0.424 0.052 0.06933333333333333
3 0.786 0.432 0.068 0.09066666666666667
3 0.488 0.615 0.14 0.18666666666666668
3 0.606 0.637 0.132 0.176
0 0.133 0.227 0.218 0.2906666666666667
0 0.315 0.142 0.094 0.12533333333333332
0 0.663 0.236 0.17 0.22666666666666666
0 0.436 0.295 0.18 0.24
0 0.672 0.318 0.156 0.208
0 0.8 0.242 0.108 0.144
0 0.721 0.222 0.114 0.152
0 0.44 0.212 0.228 0.304
0 0.928 0.227 0.116 0.15466666666666667
0 0.864 0.221 0.068 0.09066666666666667
0 0.97 0.232 0.06 0.08
0 0.299 0.214 0.114 0.152
0 0.037 0.15 0.07 0.09333333333333334
