8 0.521 0.415 0.102 0.15269461077844312
8 0.924 0.423 0.092 0.1377245508982036
8 0.605 0.397 0.086 0.12874251497005987
8 0.673 0.364 0.05 0.0748502994011976
8 0.396 0.453 0.104 0.15568862275449102
8 0.2 0.305 0.068 0.10179640718562874
0 0.912 0.334 0.104 0.15568862275449102
0 0.512 0.319 0.096 0.1437125748502994
0 0.6 0.312 0.084 0.12574850299401197
0 0.198 0.259 0.064 0.09580838323353294
0 0.642 0.24 0.068 0.10179640718562874
0 0.725 0.283 0.062 0.09281437125748503
0 0.772 0.272 0.04 0.059880239520958084
0 0.938 0.212 0.056 0.08383233532934131
0 0.689 0.269 0.058 0.08682634730538923
0 0.116 0.333 0.088 0.1317365269461078
0 0.286 0.239 0.044 0.0658682634730539
0 0.058 0.307 0.072 0.10778443113772455
0 0.493 0.181 0.018 0.02694610778443114
0 0.465 0.164 0.022 0.03293413173652695
0 0.446 0.193 0.04 0.059880239520958084
0 0.41 0.187 0.024 0.03592814371257485
0 0.325 0.242 0.034 0.05089820359281437
0 0.244 0.241 0.052 0.07784431137724551
0 0.207 0.18 0.03 0.04491017964071856
0 0.018 0.234 0.032 0.04790419161676647
