1 0.188 0.482 0.344 0.5165165165165165
1 0.164 0.609 0.324 0.4864864864864865
1 0.49 0.54 0.156 0.23423423423423423
1 0.669 0.538 0.21 0.3153153153153153
1 0.901 0.481 0.17 0.2552552552552553
1 0.871 0.181 0.162 0.24324324324324326
1 0.701 0.249 0.154 0.23123123123123124
1 0.689 0.047 0.118 0.17717717717717718
1 0.543 0.124 0.138 0.2072072072072072
1 0.304 0.064 0.288 0.43243243243243246
1 0.295 0.163 0.334 0.5015015015015015
2 0.281 0.551 0.066 0.0990990990990991
1 0.081 0.167 0.122 0.1831831831831832
