11 0.6651651651651652 0.8903903903903904 0.6696696696696697 0.446
0 0.5420420420420421 0.6966966966966966 0.6876876876876877 0.458
0 0.15465465465465467 0.36786786786786785 0.2072072072072072 0.138
0 0.1906906906906907 0.24474474474474475 0.09309309309309309 0.062
0 0.27627627627627627 0.22522522522522523 0.07807807807807808 0.052
0 0.2972972972972973 0.1996996996996997 0.04804804804804805 0.032
0 0.32432432432432434 0.25225225225225223 0.12012012012012012 0.08
0 0.03003003003003003 0.4144144144144144 0.04804804804804805 0.032
0 0.8633633633633634 0.16666666666666666 0.09309309309309309 0.062
0 0.9324324324324325 0.25075075075075076 0.06906906906906907 0.046
