8 0.521 0.506 0.43 0.6005586592178771
0 0.522 0.37 0.252 0.35195530726256985
0 0.092 0.244 0.088 0.12290502793296089
0 0.095 0.223 0.166 0.23184357541899442
0 0.182 0.266 0.108 0.15083798882681565
0 0.204 0.174 0.092 0.12849162011173185
0 0.247 0.238 0.062 0.08659217877094973
0 0.306 0.197 0.1 0.13966480446927373
0 0.279 0.305 0.074 0.10335195530726257
0 0.387 0.269 0.09 0.12569832402234637
0 0.552 0.167 0.076 0.10614525139664804
0 0.708 0.258 0.136 0.18994413407821228
0 0.822 0.209 0.1 0.13966480446927373
0 0.924 0.231 0.096 0.1340782122905028
0 0.93 0.195 0.116 0.16201117318435754
