3 0.488 0.9906666666666667 0.12266666666666666 0.092
3 0.272 0.9013333333333333 0.16533333333333333 0.124
3 0.30933333333333335 0.8173333333333334 0.13333333333333333 0.1
3 0.42133333333333334 0.8786666666666667 0.10666666666666667 0.08
3 0.532 0.836 0.12 0.09
3 0.564 0.6453333333333333 0.14666666666666667 0.11
3 0.7773333333333333 0.5546666666666666 0.12 0.09
3 0.6706666666666666 0.548 0.104 0.078
3 0.5933333333333334 0.6093333333333333 0.088 0.066
3 0.4026666666666667 0.7213333333333334 0.12266666666666666 0.092
3 0.316 0.6453333333333333 0.09866666666666667 0.074
3 0.344 0.528 0.10666666666666667 0.08
3 0.37466666666666665 0.4693333333333333 0.07733333333333334 0.058
3 0.43466666666666665 0.42 0.08 0.06
3 0.45466666666666666 0.5786666666666667 0.07733333333333334 0.058
3 0.44 0.68 0.11733333333333333 0.088
3 0.6013333333333334 0.4786666666666667 0.06666666666666667 0.05
3 0.616 0.37466666666666665 0.064 0.048
3 0.6426666666666667 0.31066666666666665 0.07466666666666667 0.056
3 0.7133333333333334 0.29333333333333333 0.050666666666666665 0.038
3 0.716 0.41333333333333333 0.07733333333333334 0.058
3 0.8426666666666667 0.43733333333333335 0.07466666666666667 0.056
3 0.82 0.5013333333333333 0.072 0.054
3 0.7746666666666666 0.35733333333333334 0.056 0.042
3 0.44666666666666666 0.3506666666666667 0.08266666666666667 0.062
