11 0.406 0.545 0.112 0.14933333333333335
11 0.298 0.523 0.124 0.16533333333333333
0 0.07 0.484 0.044 0.058666666666666666
0 0.122 0.491 0.056 0.07466666666666667
0 0.173 0.493 0.054 0.072
0 0.182 0.472 0.036 0.048
0 0.209 0.474 0.042 0.056
0 0.294 0.486 0.116 0.15466666666666667
0 0.414 0.495 0.124 0.16533333333333333
0 0.52 0.515 0.056 0.07466666666666667
0 0.594 0.511 0.044 0.058666666666666666
0 0.631 0.509 0.046 0.06133333333333333
6 0.667 0.584 0.098 0.13066666666666665
0 0.686 0.504 0.052 0.06933333333333333
0 0.754 0.523 0.06 0.08
0 0.808 0.528 0.04 0.05333333333333334
0 0.859 0.505 0.062 0.08266666666666667
0 0.71 0.505 0.044 0.058666666666666666
0 0.493 0.448 0.034 0.04533333333333334
