4 0.21866666666666668 0.952 0.096 0.072
4 0.3426666666666667 0.9373333333333334 0.104 0.078
4 0.3626666666666667 0.9826666666666667 0.08533333333333333 0.064
4 0.472 0.908 0.096 0.072
4 0.472 1.008 0.09066666666666667 0.068
4 0.5746666666666667 0.864 0.09333333333333334 0.07
4 0.21066666666666667 0.416 0.128 0.096
4 0.3333333333333333 0.39466666666666667 0.10133333333333333 0.076
4 0.44133333333333336 0.4186666666666667 0.12 0.09
4 0.5266666666666666 0.45466666666666666 0.050666666666666665 0.038
4 0.5906666666666667 0.43333333333333335 0.10933333333333334 0.082
