0 0.3213213213213213 0.6411411411411412 0.6366366366366366 0.424
0 0.545045045045045 1.2942942942942943 0.8198198198198198 0.546
0 0.8813813813813813 0.8798798798798799 0.2132132132132132 0.142
0 0.7642642642642643 0.9159159159159159 0.2132132132132132 0.142
0 0.8078078078078078 0.6561561561561562 0.16816816816816818 0.112
0 0.7672672672672672 0.6021021021021021 0.057057057057057055 0.038
0 0.7237237237237237 0.5870870870870871 0.042042042042042045 0.028
0 0.6111111111111112 0.8258258258258259 0.22522522522522523 0.15
0 0.40540540540540543 0.7672672672672672 0.29429429429429427 0.196
0 0.493993993993994 0.7642642642642643 0.1891891891891892 0.126
0 0.05105105105105105 0.4339339339339339 0.0960960960960961 0.064
