4 0.08136094674556213 0.3905325443786982 0.1390532544378698 0.094
4 0.26627218934911245 0.5976331360946746 0.11834319526627218 0.08
4 0.4970414201183432 0.7855029585798816 0.13609467455621302 0.092
4 0.7485207100591716 0.606508875739645 0.13609467455621302 0.092
4 0.08431952662721894 1.1183431952662721 0.15088757396449703 0.102
4 0.16715976331360946 1.3002958579881656 0.10355029585798817 0.07
4 0.2958579881656805 1.3002958579881656 0.08875739644970414 0.06
4 0.3742603550295858 0.9866863905325444 0.13313609467455623 0.09
4 0.3801775147928994 0.8505917159763313 0.12721893491124261 0.086
4 0.6464497041420119 0.8505917159763313 0.13313609467455623 0.09
4 0.636094674556213 0.9718934911242604 0.1301775147928994 0.088
4 0.8313609467455622 1.2855029585798816 0.09467455621301775 0.064
4 0.772189349112426 1.2781065088757397 0.15384615384615385 0.104
