0 0.748 0.9613333333333334 0.09866666666666667 0.074
0 0.6053333333333333 0.9013333333333333 0.10666666666666667 0.08
0 0.368 1.052 0.09066666666666667 0.068
0 0.4226666666666667 1.0413333333333334 0.06133333333333333 0.046
0 0.468 1.0466666666666666 0.06666666666666667 0.05
0 0.5226666666666666 1.0533333333333332 0.06933333333333333 0.052
0 0.5773333333333334 1.0546666666666666 0.072 0.054
0 0.628 1.08 0.088 0.066
0 0.676 1.0546666666666666 0.06133333333333333 0.046
0 0.7573333333333333 1.044 0.09066666666666667 0.068
