18 0.4746666666666667 0.98 0.768 0.576
18 0.572 0.4013333333333333 0.536 0.402
18 0.628 0.12666666666666668 0.3973333333333333 0.298
3 0.632 0.11066666666666666 0.048 0.036
3 0.544 0.36533333333333334 0.08533333333333333 0.064
0 0.32666666666666666 0.13333333333333333 0.216 0.162
0 0.25733333333333336 0.252 0.27466666666666667 0.206
0 0.264 0.408 0.26666666666666666 0.2
0 0.19333333333333333 0.752 0.38133333333333336 0.286
0 0.09466666666666666 1.1746666666666667 0.17333333333333334 0.13
0 0.8106666666666666 0.16933333333333334 0.2613333333333333 0.196
0 0.9213333333333333 0.37866666666666665 0.15733333333333333 0.118
0 0.92 0.664 0.16 0.12
