10 0.501 0.355 0.998 1.3306666666666667
10 0.477 0.379 0.142 0.18933333333333333
10 0.702 0.404 0.212 0.2826666666666667
10 0.906 0.411 0.184 0.24533333333333332
19 0.813 0.621 0.374 0.49866666666666665
1 0.33 0.685 0.064 0.08533333333333333
0 0.976 0.675 0.048 0.064
0 0.919 0.68 0.05 0.06666666666666667
0 0.848 0.683 0.06 0.08
0 0.823 0.672 0.042 0.056
0 0.75 0.681 0.06 0.08
0 0.604 0.671 0.064 0.08533333333333333
0 0.646 0.688 0.044 0.058666666666666666
0 0.532 0.68 0.076 0.10133333333333333
0 0.483 0.681 0.058 0.07733333333333334
0 0.429 0.684 0.058 0.07733333333333334
0 0.402 0.68 0.04 0.05333333333333334
0 0.365 0.683 0.046 0.06133333333333333
0 0.275 0.683 0.074 0.09866666666666667
0 0.222 0.679 0.092 0.12266666666666666
0 0.127 0.677 0.07 0.09333333333333334
0 0.068 0.688 0.048 0.064
0 0.028 0.686 0.044 0.058666666666666666
