5 0.244 0.138 0.136 0.18085106382978725
5 0.366 0.219 0.136 0.18085106382978725
5 0.37 0.157 0.14 0.18617021276595744
5 0.379 0.686 0.154 0.2047872340425532
5 0.633 0.648 0.218 0.2898936170212766
5 0.826 0.608 0.164 0.21808510638297873
5 0.943 0.396 0.114 0.15159574468085107
5 0.628 0.391 0.192 0.2553191489361702
5 0.764 0.283 0.148 0.19680851063829788
5 0.792 0.047 0.152 0.20212765957446807
5 0.583 0.051 0.126 0.1675531914893617
5 0.665 0.079 0.126 0.1675531914893617
5 0.178 0.19 0.128 0.1702127659574468
5 0.256 0.631 0.212 0.28191489361702127
5 0.457 0.616 0.118 0.15691489361702127
5 0.732 0.589 0.172 0.22872340425531915
5 0.729 0.432 0.142 0.18882978723404256
5 0.432 0.55 0.232 0.30851063829787234
5 0.285 0.466 0.154 0.2047872340425532
5 0.23 0.346 0.136 0.18085106382978725
5 0.369 0.311 0.138 0.18351063829787234
5 0.823 0.229 0.166 0.22074468085106383
5 0.639 0.192 0.13 0.17287234042553193
5 0.417 0.112 0.102 0.1356382978723404
5 0.339 0.094 0.078 0.10372340425531915
5 0.5 0.455 0.192 0.2553191489361702
5 0.936 0.09 0.08 0.10638297872340426
5 0.847 0.132 0.146 0.19414893617021275
5 0.737 0.123 0.126 0.1675531914893617
5 0.759 0.161 0.102 0.1356382978723404
5 0.524 0.276 0.144 0.19148936170212766
5 0.523 0.241 0.15 0.19946808510638298
5 0.661 0.257 0.102 0.1356382978723404
5 0.66 0.331 0.136 0.18085106382978725
5 0.755 0.36 0.134 0.17819148936170212
5 0.953 0.316 0.094 0.125
5 0.9 0.034 0.096 0.1276595744680851
5 0.865 0.19 0.142 0.18882978723404256
5 0.549 0.145 0.094 0.125
5 0.594 0.101 0.096 0.1276595744680851
5 0.45 0.197 0.088 0.11702127659574468
5 0.93 0.229 0.128 0.1702127659574468
