0 0.691 0.432 0.266 0.3546666666666667
0 0.249 0.455 0.294 0.392
0 0.743 0.173 0.038 0.050666666666666665
0 0.812 0.173 0.036 0.048
0 0.829 0.189 0.034 0.04533333333333334
0 0.861 0.207 0.046 0.06133333333333333
18 0.447 0.55 0.41 0.5466666666666666
18 0.852 0.358 0.172 0.22933333333333333
18 0.919 0.293 0.162 0.216
18 0.787 0.253 0.126 0.168
0 0.986 0.226 0.028 0.037333333333333336
2 0.826 0.525 0.296 0.39466666666666667
2 0.155 0.534 0.306 0.408
2 0.817 0.587 0.366 0.488
2 0.052 0.589 0.1 0.13333333333333333
