0 0.597 0.432 0.098 0.13066666666666665
0 0.552 0.466 0.236 0.31466666666666665
0 0.36 0.536 0.188 0.25066666666666665
0 0.883 0.373 0.206 0.27466666666666667
0 0.618 0.166 0.112 0.14933333333333335
0 0.208 0.188 0.136 0.18133333333333335
0 0.093 0.456 0.182 0.24266666666666667
0 0.226 0.467 0.176 0.23466666666666666
0 0.411 0.428 0.122 0.16266666666666665
0 0.33 0.239 0.16 0.21333333333333335
0 0.483 0.239 0.162 0.216
0 0.684 0.284 0.128 0.17066666666666666
0 0.788 0.278 0.128 0.17066666666666666
0 0.7 0.558 0.176 0.23466666666666666
0 0.875 0.546 0.198 0.264
