8 0.7 0.525 0.072 0.1005586592178771
8 0.763 0.472 0.062 0.08659217877094973
8 0.547 0.537 0.058 0.08100558659217877
8 0.388 0.55 0.104 0.1452513966480447
8 0.156 0.558 0.096 0.1340782122905028
0 0.385 0.468 0.11 0.15363128491620112
0 0.166 0.462 0.112 0.1564245810055866
0 0.543 0.461 0.102 0.1424581005586592
0 0.704 0.447 0.116 0.16201117318435754
0 0.096 0.491 0.068 0.09497206703910614
0 0.025 0.475 0.046 0.06424581005586592
0 0.828 0.408 0.052 0.07262569832402235
0 0.883 0.414 0.05 0.06983240223463687
0 0.926 0.406 0.044 0.061452513966480445
0 0.965 0.4 0.058 0.08100558659217877
0 0.991 0.398 0.018 0.025139664804469275
19 0.534 0.379 0.204 0.2849162011173184
19 0.671 0.375 0.306 0.4273743016759777
