1 0.065 0.336 0.09 0.12
1 0.35 0.334 0.04 0.05333333333333334
1 0.381 0.329 0.042 0.056
1 0.415 0.336 0.034 0.04533333333333334
1 0.466 0.341 0.06 0.08
1 0.528 0.343 0.052 0.06933333333333333
1 0.568 0.345 0.044 0.058666666666666666
1 0.62 0.349 0.068 0.09066666666666667
1 0.706 0.387 0.104 0.13866666666666666
1 0.881 0.372 0.074 0.09866666666666667
1 0.787 0.359 0.058 0.07733333333333334
1 0.937 0.438 0.098 0.13066666666666665
1 0.301 0.429 0.19 0.25333333333333335
1 0.187 0.401 0.11 0.14666666666666667
1 0.186 0.351 0.112 0.14933333333333335
