0 0.079 0.351 0.034 0.04533333333333334
0 0.114 0.367 0.06 0.08
0 0.239 0.358 0.042 0.056
0 0.293 0.378 0.066 0.088
0 0.385 0.356 0.042 0.056
0 0.433 0.366 0.066 0.088
0 0.552 0.367 0.044 0.058666666666666666
0 0.68 0.416 0.076 0.10133333333333333
0 0.768 0.393 0.06 0.08
0 0.852 0.378 0.072 0.096
0 0.046 0.594 0.084 0.112
0 0.607 0.364 0.034 0.04533333333333334
0 0.973 0.324 0.038 0.050666666666666665
0 0.928 0.375 0.048 0.064
0 0.488 0.379 0.032 0.042666666666666665
0 0.501 0.353 0.034 0.04533333333333334
