18 0.562 0.413 0.876 1.168
18 0.478 0.581 0.824 1.0986666666666667
2 0.97 0.309 0.06 0.08
2 0.814 0.278 0.104 0.13866666666666666
2 0.454 0.242 0.088 0.11733333333333333
2 0.109 0.366 0.122 0.16266666666666665
2 0.25 0.36 0.104 0.13866666666666666
2 0.37 0.35 0.1 0.13333333333333333
2 0.452 0.349 0.076 0.10133333333333333
2 0.505 0.357 0.062 0.08266666666666667
2 0.546 0.373 0.076 0.10133333333333333
2 0.64 0.42 0.152 0.20266666666666666
2 0.773 0.483 0.158 0.21066666666666667
2 0.914 0.545 0.172 0.22933333333333333
2 0.791 0.574 0.222 0.296
2 0.607 0.489 0.13 0.17333333333333334
