11 0.24 0.322 0.428 0.740484429065744
11 0.777 0.328 0.414 0.7162629757785467
0 0.688 0.301 0.456 0.7889273356401384
0 0.209 0.279 0.35 0.6055363321799307
0 0.866 0.151 0.108 0.18685121107266436
0 0.326 0.151 0.128 0.22145328719723184
0 0.573 0.08 0.102 0.17647058823529413
0 0.626 0.07 0.124 0.21453287197231835
0 0.225 0.084 0.102 0.17647058823529413
0 0.037 0.108 0.07 0.12110726643598616
0 0.959 0.169 0.082 0.14186851211072665
0 0.744 0.077 0.092 0.15916955017301038
0 0.81 0.055 0.056 0.09688581314878893
0 0.389 0.081 0.082 0.14186851211072665
0 0.31 0.034 0.08 0.1384083044982699
0 0.251 0.054 0.066 0.11418685121107267
0 0.17 0.061 0.088 0.1522491349480969
