19 0.101 0.238 0.198 0.2990936555891239
0 0.866 0.319 0.112 0.1691842900302115
0 0.646 0.332 0.128 0.1933534743202417
0 0.49 0.323 0.108 0.16314199395770393
0 0.361 0.299 0.106 0.16012084592145015
0 0.247 0.308 0.09 0.13595166163141995
0 0.128 0.296 0.108 0.16314199395770393
11 0.863 0.369 0.142 0.21450151057401812
11 0.637 0.366 0.138 0.2084592145015106
11 0.497 0.366 0.122 0.18429003021148035
11 0.366 0.364 0.12 0.18126888217522658
11 0.256 0.352 0.128 0.1933534743202417
11 0.134 0.343 0.132 0.19939577039274925
