5 0.927 0.321 0.05 0.06666666666666667
5 0.668 0.393 0.08 0.10666666666666667
5 0.747 0.283 0.042 0.056
5 0.445 0.38 0.078 0.104
5 0.348 0.416 0.072 0.096
5 0.088 0.393 0.044 0.058666666666666666
5 0.16 0.373 0.044 0.058666666666666666
5 0.187 0.371 0.046 0.06133333333333333
5 0.132 0.506 0.064 0.08533333333333333
5 0.192 0.486 0.04 0.05333333333333334
5 0.266 0.389 0.06 0.08
5 0.317 0.363 0.038 0.050666666666666665
5 0.299 0.337 0.066 0.088
5 0.306 0.302 0.064 0.08533333333333333
5 0.379 0.309 0.074 0.09866666666666667
5 0.296 0.469 0.064 0.08533333333333333
5 0.23 0.458 0.064 0.08533333333333333
5 0.248 0.476 0.052 0.06933333333333333
0 0.363 0.541 0.082 0.10933333333333334
0 0.474 0.557 0.096 0.128
0 0.5 0.478 0.052 0.06933333333333333
0 0.546 0.563 0.1 0.13333333333333333
0 0.518 0.539 0.056 0.07466666666666667
