16 0.474 0.265 0.904 1.3492537313432835
0 0.981 0.345 0.026 0.03880597014925373
0 0.952 0.342 0.016 0.023880597014925373
0 0.93 0.34 0.028 0.041791044776119404
0 0.9 0.344 0.028 0.041791044776119404
0 0.873 0.353 0.03 0.04477611940298507
0 0.834 0.354 0.036 0.05373134328358209
0 0.853 0.375 0.022 0.03283582089552239
0 0.798 0.336 0.02 0.029850746268656716
0 0.74 0.354 0.024 0.03582089552238806
0 0.637 0.353 0.038 0.056716417910447764
0 0.604 0.357 0.028 0.041791044776119404
0 0.375 0.348 0.026 0.03880597014925373
0 0.333 0.346 0.018 0.026865671641791045
0 0.318 0.347 0.016 0.023880597014925373
1 0.412 0.334 0.028 0.041791044776119404
1 0.24 0.337 0.036 0.05373134328358209
1 0.105 0.337 0.038 0.056716417910447764
1 0.203 0.338 0.042 0.0626865671641791
1 0.172 0.334 0.028 0.041791044776119404
1 0.278 0.336 0.028 0.041791044776119404
