3 0.504 0.408 0.028 0.03954802259887006
3 0.554 0.429 0.028 0.03954802259887006
3 0.59 0.397 0.028 0.03954802259887006
3 0.608 0.404 0.024 0.03389830508474576
3 0.542 0.492 0.04 0.05649717514124294
3 0.417 0.448 0.022 0.031073446327683617
3 0.413 0.493 0.03 0.0423728813559322
3 0.369 0.596 0.042 0.059322033898305086
0 0.548 0.341 0.172 0.24293785310734464
0 0.349 0.377 0.086 0.12146892655367232
0 0.267 0.41 0.102 0.1440677966101695
0 0.19 0.451 0.104 0.14689265536723164
0 0.11 0.485 0.208 0.2937853107344633
0 0.735 0.365 0.106 0.1497175141242938
0 0.884 0.304 0.08 0.11299435028248588
0 0.796 0.44 0.24 0.3389830508474576
0 0.855 0.503 0.29 0.4096045197740113
18 0.471 0.562 0.598 0.844632768361582
3 0.638 0.569 0.04 0.05649717514124294
4 0.521 0.159 0.122 0.17231638418079095
