8 0.695 0.542 0.278 0.37066666666666664
8 0.511 0.535 0.15 0.2
8 0.355 0.57 0.206 0.27466666666666667
0 0.389 0.457 0.106 0.14133333333333334
0 0.498 0.402 0.1 0.13333333333333333
0 0.697 0.45 0.154 0.20533333333333334
2 0.439 0.19 0.05 0.06666666666666667
2 0.44 0.221 0.056 0.07466666666666667
2 0.566 0.195 0.052 0.06933333333333333
2 0.585 0.224 0.062 0.08266666666666667
2 0.636 0.257 0.076 0.10133333333333333
7 0.388 0.29 0.076 0.10133333333333333
4 0.592 0.352 0.048 0.064
4 0.547 0.352 0.03 0.04
4 0.654 0.278 0.044 0.058666666666666666
4 0.949 0.294 0.102 0.136
4 0.785 0.187 0.066 0.088
13 0.807 0.099 0.038 0.050666666666666665
4 0.495 0.302 0.106 0.14133333333333334
