1 0.509 0.362 0.67 1.006006006006006
1 0.158 0.283 0.312 0.46846846846846846
1 0.972 0.267 0.056 0.08408408408408409
0 0.065 0.278 0.122 0.1831831831831832
0 0.94 0.27 0.06 0.09009009009009009
1 0.174 0.514 0.344 0.5165165165165165
0 0.965 0.458 0.07 0.10510510510510511
0 0.949 0.099 0.026 0.03903903903903904
0 0.795 0.101 0.03 0.04504504504504504
0 0.761 0.094 0.03 0.04504504504504504
0 0.731 0.095 0.03 0.04504504504504504
0 0.678 0.09 0.02 0.03003003003003003
0 0.539 0.085 0.026 0.03903903903903904
0 0.565 0.089 0.022 0.03303303303303303
0 0.595 0.094 0.014 0.021021021021021023
0 0.627 0.096 0.018 0.02702702702702703
0 0.906 0.101 0.024 0.036036036036036036
