0 0.485 0.463 0.65 0.8666666666666667
0 0.911 0.356 0.078 0.104
0 0.809 0.336 0.094 0.12533333333333332
18 0.902 0.594 0.196 0.2613333333333333
18 0.752 0.393 0.116 0.15466666666666667
18 0.363 0.355 0.086 0.11466666666666667
18 0.313 0.464 0.21 0.28
18 0.083 0.697 0.162 0.216
18 0.055 0.394 0.102 0.136
2 0.908 0.616 0.184 0.24533333333333332
2 0.184 0.457 0.172 0.22933333333333333
2 0.302 0.352 0.064 0.08533333333333333
2 0.383 0.474 0.166 0.22133333333333333
2 0.084 0.398 0.092 0.12266666666666666
2 0.151 0.372 0.078 0.104
2 0.249 0.38 0.11 0.14666666666666667
2 0.415 0.36 0.094 0.12533333333333332
2 0.436 0.389 0.088 0.11733333333333333
2 0.854 0.41 0.108 0.144
2 0.033 0.343 0.062 0.08266666666666667
