3 0.497 0.355 0.042 0.056
3 0.545 0.394 0.05 0.06666666666666667
3 0.605 0.342 0.046 0.06133333333333333
3 0.588 0.256 0.04 0.05333333333333334
3 0.48 0.679 0.076 0.10133333333333333
3 0.524 0.655 0.064 0.08533333333333333
0 0.181 0.475 0.358 0.47733333333333333
0 0.249 0.304 0.326 0.43466666666666665
0 0.395 0.255 0.154 0.20533333333333334
0 0.891 0.47 0.218 0.2906666666666667
0 0.862 0.341 0.276 0.368
0 0.731 0.283 0.134 0.17866666666666667
0 0.667 0.179 0.086 0.11466666666666667
0 0.578 0.141 0.112 0.14933333333333335
0 0.053 0.251 0.102 0.136
18 0.581 0.471 0.582 0.776
