3 0.511 0.546 0.038 0.050666666666666665
0 0.13 0.584 0.24 0.32
0 0.758 0.563 0.224 0.2986666666666667
0 0.62 0.475 0.172 0.22933333333333333
0 0.539 0.293 0.078 0.104
0 0.059 0.468 0.106 0.14133333333333334
0 0.239 0.45 0.15 0.2
0 0.334 0.411 0.16 0.21333333333333335
0 0.431 0.301 0.046 0.06133333333333333
0 0.477 0.366 0.086 0.11466666666666667
0 0.643 0.298 0.062 0.08266666666666667
0 0.71 0.315 0.032 0.042666666666666665
18 0.497 0.641 0.686 0.9146666666666666
18 0.606 0.386 0.236 0.31466666666666665
2 0.883 0.611 0.19 0.25333333333333335
2 0.476 0.408 0.112 0.14933333333333335
2 0.683 0.399 0.078 0.104
