0 0.888 0.401 0.052 0.06951871657754011
0 0.847 0.4 0.038 0.05080213903743316
0 0.809 0.402 0.042 0.05614973262032086
0 0.758 0.186 0.04 0.053475935828877004
0 0.511 0.219 0.034 0.045454545454545456
0 0.533 0.216 0.03 0.040106951871657755
0 0.375 0.219 0.026 0.034759358288770054
0 0.354 0.191 0.024 0.03208556149732621
0 0.29 0.218 0.036 0.0481283422459893
0 0.259 0.226 0.03 0.040106951871657755
0 0.233 0.22 0.05 0.06684491978609626
0 0.195 0.221 0.038 0.05080213903743316
0 0.082 0.191 0.028 0.0374331550802139
0 0.042 0.18 0.036 0.0481283422459893
0 0.685 0.192 0.022 0.029411764705882353
10 0.501 0.373 0.998 1.3342245989304813
