18 0.501 0.503 0.526 0.7013333333333334
0 0.364 0.285 0.088 0.11733333333333333
0 0.464 0.309 0.128 0.17066666666666666
0 0.586 0.311 0.136 0.18133333333333335
0 0.691 0.336 0.166 0.22133333333333333
0 0.777 0.353 0.106 0.14133333333333334
0 0.778 0.52 0.404 0.5386666666666666
0 0.072 0.365 0.14 0.18666666666666668
0 0.176 0.325 0.196 0.2613333333333333
0 0.376 0.493 0.436 0.5813333333333334
2 0.073 0.588 0.142 0.18933333333333333
2 0.295 0.625 0.202 0.2693333333333333
2 0.108 0.606 0.112 0.14933333333333335
