1 0.5045045045045045 1.0615615615615615 0.8648648648648649 0.576
1 0.07657657657657657 0.7927927927927928 0.14714714714714713 0.098
1 0.021021021021021023 0.6306306306306306 0.036036036036036036 0.024
1 0.057057057057057055 0.6231231231231231 0.06006006006006006 0.04
1 0.0960960960960961 0.6201201201201201 0.04804804804804805 0.032
1 0.35135135135135137 0.6231231231231231 0.15615615615615616 0.104
1 0.46396396396396394 0.6186186186186187 0.17717717717717718 0.118
1 0.545045045045045 0.5900900900900901 0.06906906906906907 0.046
1 0.6246246246246246 0.6171171171171171 0.16216216216216217 0.108
1 0.7267267267267268 0.6156156156156156 0.12612612612612611 0.084
1 0.8108108108108109 0.6201201201201201 0.15615615615615616 0.104
1 0.9309309309309309 0.6081081081081081 0.13813813813813813 0.092
1 0.975975975975976 0.6366366366366366 0.04804804804804805 0.032
