8 0.914 0.477 0.172 0.25748502994011974
8 0.628 0.441 0.228 0.3413173652694611
8 0.685 0.442 0.234 0.3502994011976048
8 0.421 0.426 0.202 0.3023952095808383
8 0.357 0.377 0.17 0.25449101796407186
8 0.211 0.362 0.178 0.26646706586826346
8 0.054 0.31 0.1 0.1497005988023952
0 0.051 0.241 0.098 0.1467065868263473
0 0.23 0.295 0.136 0.20359281437125748
0 0.352 0.301 0.104 0.15568862275449102
0 0.448 0.356 0.14 0.20958083832335328
0 0.64 0.362 0.152 0.2275449101796407
0 0.709 0.367 0.142 0.2125748502994012
0 0.943 0.429 0.114 0.17065868263473055
0 0.677 0.091 0.062 0.09281437125748503
0 0.603 0.088 0.066 0.09880239520958084
0 0.508 0.076 0.072 0.10778443113772455
