11 0.806 0.294 0.24 0.36253776435045315
11 0.271 0.367 0.31 0.46827794561933533
0 0.316 0.347 0.12 0.18126888217522658
0 0.843 0.269 0.094 0.1419939577039275
1 0.931 0.164 0.094 0.1419939577039275
1 0.827 0.173 0.082 0.12386706948640483
1 0.755 0.164 0.122 0.18429003021148035
1 0.651 0.169 0.09 0.13595166163141995
1 0.568 0.171 0.084 0.1268882175226586
1 0.482 0.175 0.088 0.13293051359516617
11 0.322 0.187 0.056 0.08459214501510574
1 0.269 0.18 0.122 0.18429003021148035
1 0.161 0.186 0.11 0.1661631419939577
1 0.094 0.186 0.1 0.1510574018126888
1 0.039 0.187 0.074 0.11178247734138973
