1 0.516 0.448 0.384 0.5765765765765766
1 0.695 0.319 0.154 0.23123123123123124
1 0.163 0.353 0.318 0.4774774774774775
1 0.356 0.17 0.18 0.2702702702702703
1 0.546 0.14 0.168 0.25225225225225223
1 0.753 0.192 0.19 0.2852852852852853
0 0.478 0.277 0.036 0.05405405405405406
0 0.902 0.216 0.04 0.06006006006006006
0 0.958 0.207 0.04 0.06006006006006006
0 0.886 0.431 0.072 0.10810810810810811
0 0.941 0.443 0.082 0.12312312312312312
0 0.392 0.254 0.028 0.042042042042042045
0 0.364 0.249 0.032 0.04804804804804805
