7 0.508 0.32 0.588 0.8882175226586103
7 0.181 0.444 0.358 0.540785498489426
18 0.646 0.345 0.172 0.2598187311178248
18 0.805 0.606 0.39 0.5891238670694864
18 0.886 0.475 0.228 0.34441087613293053
18 0.947 0.382 0.106 0.16012084592145015
18 0.094 0.432 0.184 0.27794561933534745
0 0.222 0.411 0.192 0.29003021148036257
2 0.586 0.56 0.176 0.26586102719033233
2 0.749 0.486 0.134 0.20241691842900303
2 0.941 0.323 0.11 0.1661631419939577
2 0.985 0.234 0.03 0.045317220543806644
2 0.738 0.112 0.048 0.07250755287009064
2 0.654 0.094 0.044 0.06646525679758308
2 0.867 0.104 0.05 0.0755287009063444
2 0.747 0.095 0.046 0.06948640483383686
