11 0.482 0.526 0.88 0.8835341365461847
0 0.307 0.106 0.038 0.03815261044176707
0 0.495 0.109 0.046 0.04618473895582329
0 0.459 0.086 0.038 0.03815261044176707
0 0.424 0.106 0.032 0.0321285140562249
0 0.178 0.116 0.04 0.040160642570281124
0 0.104 0.122 0.036 0.03614457831325301
0 0.615 0.1 0.034 0.03413654618473896
0 0.661 0.099 0.026 0.02610441767068273
0 0.748 0.106 0.04 0.040160642570281124
0 0.769 0.096 0.03 0.030120481927710843
0 0.813 0.11 0.042 0.04216867469879518
0 0.969 0.13 0.022 0.02208835341365462
0 0.013 0.107 0.022 0.02208835341365462
