0 0.047 0.424 0.09 0.12
0 0.185 0.281 0.138 0.184
0 0.267 0.315 0.09 0.12
0 0.433 0.387 0.098 0.13066666666666665
0 0.502 0.474 0.152 0.20266666666666666
0 0.274 0.583 0.14 0.18666666666666668
0 0.047 0.673 0.09 0.12
0 0.147 0.668 0.122 0.16266666666666665
0 0.264 0.678 0.088 0.11733333333333333
0 0.378 0.662 0.124 0.16533333333333333
0 0.341 0.717 0.11 0.14666666666666667
9 0.291 0.466 0.578 0.7706666666666667
0 0.972 0.429 0.056 0.07466666666666667
0 0.958 0.361 0.084 0.112
0 0.827 0.321 0.146 0.19466666666666665
9 0.727 0.25 0.19 0.25333333333333335
