0 0.142 0.325 0.096 0.12030075187969924
0 0.315 0.341 0.114 0.14285714285714285
0 0.499 0.315 0.114 0.14285714285714285
0 0.667 0.255 0.15 0.18796992481203006
0 0.119 0.42 0.118 0.14786967418546365
0 0.226 0.416 0.084 0.10526315789473684
0 0.401 0.436 0.094 0.11779448621553884
0 0.686 0.383 0.124 0.15538847117794485
0 0.823 0.357 0.098 0.12280701754385964
9 0.048 0.606 0.088 0.11027568922305764
9 0.131 0.594 0.23 0.2882205513784461
9 0.255 0.606 0.13 0.16290726817042606
9 0.394 0.566 0.196 0.24561403508771928
9 0.646 0.531 0.308 0.38596491228070173
9 0.793 0.51 0.314 0.39348370927318294
