4 0.7933333333333333 0.9106666666666666 0.09333333333333334 0.07
4 0.532 0.8893333333333333 0.04 0.03
4 0.5573333333333333 0.8946666666666667 0.037333333333333336 0.028
4 0.612 0.916 0.06666666666666667 0.05
2 0.724 1.1933333333333334 0.14133333333333334 0.106
2 0.8813333333333333 1.0693333333333332 0.12533333333333332 0.094
2 0.628 1.212 0.184 0.138
2 0.7946666666666666 1.2293333333333334 0.18666666666666668 0.14
18 0.8013333333333333 1.2093333333333334 0.392 0.294
0 0.32266666666666666 1.0773333333333333 0.176 0.132
0 0.47333333333333333 0.8706666666666667 0.104 0.078
0 0.47733333333333333 1.0666666666666667 0.13866666666666666 0.104
0 0.152 0.9226666666666666 0.058666666666666666 0.044
0 0.20133333333333334 0.9293333333333333 0.050666666666666665 0.038
