19 0.403 0.301 0.798 1.064
1 0.822 0.36 0.06 0.08
0 0.987 0.34 0.018 0.024
0 0.945 0.335 0.01 0.013333333333333334
0 0.905 0.341 0.014 0.018666666666666668
0 0.919 0.333 0.014 0.018666666666666668
0 0.872 0.343 0.02 0.02666666666666667
0 0.674 0.155 0.028 0.037333333333333336
0 0.64 0.156 0.028 0.037333333333333336
0 0.6 0.142 0.036 0.048
0 0.558 0.128 0.036 0.048
0 0.511 0.117 0.042 0.056
0 0.458 0.104 0.036 0.048
0 0.397 0.089 0.066 0.088
0 0.62 0.331 0.036 0.048
0 0.654 0.323 0.028 0.037333333333333336
