1 0.519 0.286 0.962 1.2826666666666666
11 0.507 0.34 0.974 1.2986666666666666
0 0.939 0.125 0.094 0.12533333333333332
0 0.227 0.097 0.102 0.136
0 0.1 0.118 0.072 0.096
0 0.047 0.109 0.058 0.07733333333333334
0 0.731 0.137 0.086 0.11466666666666667
0 0.459 0.064 0.05 0.06666666666666667
0 0.4 0.072 0.04 0.05333333333333334
0 0.331 0.075 0.058 0.07733333333333334
0 0.618 0.077 0.052 0.06933333333333333
0 0.686 0.08 0.028 0.037333333333333336
0 0.716 0.083 0.04 0.05333333333333334
0 0.853 0.119 0.054 0.072
0 0.989 0.125 0.022 0.029333333333333333
