8 0.293 0.291 0.126 0.1891891891891892
8 0.397 0.385 0.142 0.2132132132132132
8 0.597 0.409 0.154 0.23123123123123124
8 0.73 0.26 0.112 0.16816816816816818
8 0.495 0.302 0.122 0.1831831831831832
8 0.825 0.177 0.074 0.1111111111111111
0 0.756 0.18 0.176 0.26426426426426425
0 0.862 0.12 0.12 0.18018018018018017
0 0.61 0.316 0.196 0.29429429429429427
0 0.421 0.293 0.182 0.2732732732732733
0 0.533 0.195 0.114 0.17117117117117117
0 0.614 0.103 0.104 0.15615615615615616
0 0.434 0.051 0.152 0.22822822822822822
0 0.347 0.167 0.186 0.27927927927927926
0 0.559 0.024 0.15 0.22522522522522523
