18 0.3546666666666667 1.132 0.704 0.528
18 0.5146666666666667 0.8466666666666667 0.448 0.336
0 0.20533333333333334 0.7413333333333333 0.3893333333333333 0.292
0 0.272 0.6173333333333333 0.21333333333333335 0.16
0 0.4066666666666667 0.5786666666666667 0.20533333333333334 0.154
0 0.5666666666666667 0.512 0.18933333333333333 0.142
0 0.7693333333333333 0.544 0.22133333333333333 0.166
0 0.9266666666666666 0.5573333333333333 0.14666666666666667 0.11
0 0.8546666666666667 0.8253333333333334 0.2906666666666667 0.218
0 0.8226666666666667 1.0826666666666667 0.3546666666666667 0.266
0 0.07066666666666667 0.37333333333333335 0.09866666666666667 0.074
