0 0.047 0.361 0.09 0.12
0 0.138 0.399 0.112 0.14933333333333335
0 0.295 0.315 0.09 0.12
0 0.392 0.303 0.048 0.064
0 0.473 0.221 0.05 0.06666666666666667
0 0.567 0.202 0.038 0.050666666666666665
0 0.634 0.188 0.032 0.042666666666666665
0 0.738 0.297 0.056 0.07466666666666667
0 0.862 0.278 0.036 0.048
0 0.944 0.281 0.04 0.05333333333333334
0 0.867 0.213 0.054 0.072
1 0.581 0.408 0.838 1.1173333333333333
0 0.582 0.172 0.076 0.10133333333333333
0 0.512 0.18 0.056 0.07466666666666667
0 0.443 0.213 0.074 0.09866666666666667
