14 0.508 0.42 0.12 0.18018018018018017
14 0.579 0.414 0.078 0.11711711711711711
14 0.623 0.401 0.086 0.12912912912912913
14 0.664 0.4 0.064 0.0960960960960961
14 0.403 0.411 0.09 0.13513513513513514
14 0.232 0.349 0.052 0.07807807807807808
14 0.298 0.352 0.076 0.11411411411411411
14 0.171 0.394 0.07 0.10510510510510511
14 0.266 0.427 0.084 0.12612612612612611
14 0.33 0.461 0.092 0.13813813813813813
1 0.104 0.32 0.084 0.12612612612612611
1 0.035 0.308 0.066 0.0990990990990991
0 0.232 0.302 0.032 0.04804804804804805
