1 0.979 0.315 0.042 0.08015267175572519
1 0.913 0.307 0.11 0.2099236641221374
1 0.856 0.314 0.064 0.12213740458015267
1 0.792 0.311 0.052 0.09923664122137404
1 0.639 0.305 0.074 0.14122137404580154
1 0.435 0.31 0.07 0.13358778625954199
1 0.344 0.309 0.088 0.16793893129770993
1 0.256 0.316 0.072 0.13740458015267176
1 0.137 0.313 0.098 0.18702290076335878
1 0.042 0.313 0.076 0.1450381679389313
10 0.692 0.344 0.036 0.06870229007633588
10 0.556 0.347 0.044 0.08396946564885496
10 0.51 0.353 0.04 0.07633587786259542
10 0.483 0.356 0.042 0.08015267175572519
10 0.419 0.347 0.042 0.08015267175572519
10 0.317 0.349 0.05 0.09541984732824428
10 0.12 0.354 0.048 0.0916030534351145
1 0.706 0.301 0.116 0.22137404580152673
