0 0.589 0.455 0.586 0.7813333333333333
0 0.77 0.336 0.18 0.24
0 0.128 0.49 0.252 0.336
0 0.946 0.653 0.108 0.144
0 0.917 0.442 0.166 0.22133333333333333
0 0.993 0.069 0.014 0.018666666666666668
0 0.942 0.066 0.044 0.058666666666666666
0 0.885 0.068 0.054 0.072
0 0.809 0.065 0.038 0.050666666666666665
0 0.538 0.088 0.052 0.06933333333333333
0 0.414 0.1 0.028 0.037333333333333336
0 0.266 0.166 0.024 0.032
0 0.238 0.173 0.024 0.032
0 0.216 0.175 0.016 0.021333333333333333
0 0.056 0.317 0.108 0.144
