1 0.595 0.541 0.526 0.7013333333333334
1 0.418 0.447 0.448 0.5973333333333334
1 0.751 0.388 0.266 0.3546666666666667
1 0.504 0.327 0.184 0.24533333333333332
1 0.369 0.328 0.17 0.22666666666666666
1 0.247 0.331 0.178 0.23733333333333334
1 0.087 0.329 0.134 0.17866666666666667
1 0.731 0.312 0.182 0.24266666666666667
1 0.901 0.317 0.17 0.22666666666666666
0 0.261 0.274 0.034 0.04533333333333334
0 0.29 0.279 0.032 0.042666666666666665
0 0.237 0.288 0.026 0.034666666666666665
0 0.773 0.303 0.038 0.050666666666666665
0 0.844 0.312 0.048 0.064
0 0.89 0.318 0.044 0.058666666666666666
0 0.949 0.326 0.058 0.07733333333333334
