11 0.113 0.379 0.222 0.33534743202416917
11 0.455 0.333 0.254 0.38368580060422963
11 0.705 0.309 0.118 0.1782477341389728
11 0.772 0.284 0.08 0.12084592145015106
11 0.654 0.268 0.06 0.09063444108761329
0 0.054 0.268 0.104 0.15709969788519637
0 0.463 0.261 0.122 0.18429003021148035
0 0.514 0.181 0.096 0.14501510574018128
0 0.655 0.175 0.07 0.10574018126888217
0 0.709 0.25 0.126 0.1903323262839879
0 0.793 0.235 0.09 0.13595166163141995
0 0.628 0.134 0.036 0.054380664652567974
0 0.409 0.132 0.022 0.03323262839879154
1 0.068 0.117 0.08 0.12084592145015106
11 0.849 0.132 0.03 0.045317220543806644
11 0.881 0.139 0.034 0.0513595166163142
11 0.911 0.137 0.026 0.03927492447129909
11 0.936 0.14 0.036 0.054380664652567974
1 0.255 0.111 0.038 0.05740181268882175
