2 0.865 0.613 0.158 0.21066666666666667
2 0.663 0.559 0.146 0.19466666666666665
2 0.379 0.554 0.162 0.216
2 0.359 0.529 0.114 0.152
2 0.207 0.715 0.13 0.17333333333333334
2 0.123 0.593 0.182 0.24266666666666667
2 0.504 0.441 0.056 0.07466666666666667
2 0.558 0.431 0.052 0.06933333333333333
18 0.275 0.525 0.238 0.31733333333333336
18 0.802 0.446 0.172 0.22933333333333333
0 0.417 0.392 0.106 0.14133333333333334
0 0.464 0.352 0.076 0.10133333333333333
0 0.378 0.329 0.076 0.10133333333333333
0 0.29 0.345 0.1 0.13333333333333333
0 0.221 0.342 0.09 0.12
0 0.169 0.333 0.09 0.12
0 0.178 0.418 0.068 0.09066666666666667
0 0.115 0.355 0.038 0.050666666666666665
0 0.134 0.492 0.248 0.33066666666666666
0 0.611 0.345 0.058 0.07733333333333334
0 0.642 0.363 0.108 0.144
0 0.707 0.495 0.158 0.21066666666666667
0 0.97 0.486 0.06 0.08
0 0.834 0.519 0.248 0.33066666666666666
