14 0.12 0.39 0.232 0.3483483483483483
14 0.688 0.539 0.324 0.4864864864864865
14 0.452 0.446 0.176 0.26426426426426425
14 0.331 0.412 0.122 0.1831831831831832
10 0.798 0.253 0.236 0.35435435435435436
10 0.576 0.236 0.2 0.3003003003003003
10 0.378 0.228 0.168 0.25225225225225223
10 0.275 0.256 0.09 0.13513513513513514
10 0.057 0.24 0.106 0.15915915915915915
10 0.289 0.087 0.074 0.1111111111111111
10 0.5 0.098 0.052 0.07807807807807808
10 0.947 0.225 0.106 0.15915915915915915
0 0.218 0.467 0.076 0.11411411411411411
