18 0.73 0.348 0.284 0.42771084337349397
18 0.665 0.284 0.122 0.18373493975903615
18 0.39 0.315 0.196 0.29518072289156627
18 0.296 0.271 0.104 0.1566265060240964
18 0.127 0.312 0.198 0.29819277108433734
18 0.431 0.517 0.534 0.8042168674698795
2 0.941 0.344 0.074 0.11144578313253012
2 0.823 0.423 0.122 0.18373493975903615
2 0.718 0.494 0.108 0.16265060240963855
2 0.617 0.367 0.118 0.17771084337349397
2 0.795 0.292 0.042 0.06325301204819277
2 0.563 0.293 0.054 0.08132530120481928
2 0.502 0.289 0.02 0.030120481927710843
2 0.473 0.333 0.082 0.12349397590361445
2 0.384 0.268 0.044 0.06626506024096386
2 0.26 0.327 0.064 0.0963855421686747
2 0.135 0.327 0.098 0.14759036144578314
2 0.039 0.375 0.074 0.11144578313253012
2 0.108 0.523 0.2 0.30120481927710846
2 0.461 0.616 0.322 0.48493975903614456
