15 0.986 0.411 0.028 0.037333333333333336
15 0.944 0.409 0.028 0.037333333333333336
15 0.829 0.436 0.102 0.136
15 0.728 0.429 0.092 0.12266666666666666
15 0.673 0.405 0.034 0.04533333333333334
15 0.652 0.426 0.04 0.05333333333333334
15 0.593 0.427 0.078 0.104
15 0.596 0.396 0.024 0.032
15 0.561 0.416 0.03 0.04
15 0.54 0.405 0.028 0.037333333333333336
15 0.508 0.431 0.076 0.10133333333333333
15 0.471 0.412 0.046 0.06133333333333333
15 0.366 0.396 0.036 0.048
15 0.313 0.415 0.062 0.08266666666666667
15 0.224 0.428 0.08 0.10666666666666667
15 0.114 0.405 0.052 0.06933333333333333
15 0.075 0.401 0.034 0.04533333333333334
15 0.015 0.412 0.026 0.034666666666666665
15 0.023 0.382 0.03 0.04
